Epoch 1 : Shape of O = (10000, 10)
O= [[  1.00000000e+000   1.00000000e+000   2.35739900e-145 ...,
    1.00000000e+000   1.00000000e+000   1.00000000e+000]
 [  1.00000000e+000   1.00000000e+000   3.84447750e-167 ...,
    1.00000000e+000   1.00000000e+000   1.00000000e+000]
 [  1.00000000e+000   1.00000000e+000   1.32831941e-152 ...,
    1.00000000e+000   1.00000000e+000   1.00000000e+000]
 ..., 
 [  1.00000000e+000   1.00000000e+000   2.49189842e-245 ...,
    1.00000000e+000   1.00000000e+000   1.00000000e+000]
 [  1.00000000e+000   1.00000000e+000   3.15955445e-130 ...,
    1.00000000e+000   1.00000000e+000   1.00000000e+000]
 [  2.55538901e-092   1.00000000e+000   0.00000000e+000 ...,
    1.00000000e+000   1.00000000e+000   1.00000000e+000]]
t= [3 8 6 ..., 5 6 8]
Error = 88.05 %
Epoch 2 : Shape of O = (10000, 10)
O= [[  1.00000000e+000   1.00000000e+000   1.22548865e-153 ...,
    1.00000000e+000   1.00000000e+000   1.00000000e+000]
 [  1.00000000e+000   1.00000000e+000   1.92263123e-168 ...,
    1.00000000e+000   1.00000000e+000   1.00000000e+000]
 [  1.00000000e+000   1.00000000e+000   3.11906631e-149 ...,
    1.00000000e+000   1.00000000e+000   1.00000000e+000]
 ..., 
 [  1.00000000e+000   1.00000000e+000   1.99653497e-244 ...,
    1.00000000e+000   1.00000000e+000   1.00000000e+000]
 [  1.00000000e+000   1.00000000e+000   1.47074111e-129 ...,
    1.00000000e+000   1.00000000e+000   1.00000000e+000]
 [  1.16414721e-034   1.00000000e+000   0.00000000e+000 ...,
    1.00000000e+000   1.00000000e+000   1.00000000e+000]]
t= [3 8 6 ..., 5 6 8]
Error = 89.06 %
Epoch 3 : Shape of O = (10000, 10)
O= [[  1.00000000e+000   1.00000000e+000   1.36473904e-148 ...,
    1.00000000e+000   1.00000000e+000   1.00000000e+000]
 [  1.00000000e+000   1.00000000e+000   1.17977979e-164 ...,
    1.00000000e+000   1.00000000e+000   1.00000000e+000]
 [  1.00000000e+000   1.00000000e+000   3.87555182e-128 ...,
    1.00000000e+000   1.00000000e+000   1.00000000e+000]
 ..., 
 [  1.00000000e+000   1.00000000e+000   1.43482946e-239 ...,
    1.00000000e+000   1.00000000e+000   1.00000000e+000]
 [  1.00000000e+000   1.00000000e+000   3.44315238e-125 ...,
    1.00000000e+000   1.00000000e+000   1.00000000e+000]
 [  6.41803883e-013   1.00000000e+000   0.00000000e+000 ...,
    1.00000000e+000   1.00000000e+000   1.00000000e+000]]
t= [3 8 6 ..., 5 6 8]
Error = 89.23 %
Epoch 4 : Shape of O = (10000, 10)
O= [[  1.00000000e+000   1.00000000e+000   1.11440910e-185 ...,
    1.00000000e+000   1.00000000e+000   1.00000000e+000]
 [  1.00000000e+000   1.00000000e+000   1.08108556e-197 ...,
    1.00000000e+000   1.00000000e+000   1.00000000e+000]
 [  1.00000000e+000   1.00000000e+000   1.34061864e-129 ...,
    1.00000000e+000   1.00000000e+000   1.00000000e+000]
 ..., 
 [  1.00000000e+000   1.00000000e+000   7.77842123e-236 ...,
    1.00000000e+000   1.00000000e+000   1.00000000e+000]
 [  1.00000000e+000   1.00000000e+000   1.72709574e-121 ...,
    1.00000000e+000   1.00000000e+000   1.00000000e+000]
 [  9.89861511e-001   1.00000000e+000   0.00000000e+000 ...,
    1.00000000e+000   1.00000000e+000   1.00000000e+000]]
t= [3 8 6 ..., 5 6 8]
Error = 89.31 %
Epoch 5 : Shape of O = (10000, 10)
O= [[  1.00000000e+000   1.00000000e+000   1.02863738e-185 ...,
    1.00000000e+000   1.00000000e+000   1.00000000e+000]
 [  1.00000000e+000   1.00000000e+000   7.87774629e-196 ...,
    1.00000000e+000   1.00000000e+000   1.00000000e+000]
 [  1.00000000e+000   1.00000000e+000   2.08978479e-124 ...,
    1.00000000e+000   1.00000000e+000   1.00000000e+000]
 ..., 
 [  1.00000000e+000   1.00000000e+000   3.28904178e-236 ...,
    1.00000000e+000   1.00000000e+000   1.00000000e+000]
 [  1.00000000e+000   1.00000000e+000   3.08853040e-121 ...,
    1.00000000e+000   1.00000000e+000   1.00000000e+000]
 [  1.00000000e+000   1.00000000e+000   0.00000000e+000 ...,
    1.00000000e+000   1.00000000e+000   1.00000000e+000]]
t= [3 8 6 ..., 5 6 8]
Error = 89.29 %
Epoch 6 : Shape of O = (10000, 10)
O= [[  1.00000000e+000   1.00000000e+000   2.07640340e-185 ...,
    1.00000000e+000   1.00000000e+000   1.00000000e+000]
 [  1.00000000e+000   1.00000000e+000   1.34965677e-160 ...,
    1.00000000e+000   1.00000000e+000   1.00000000e+000]
 [  1.00000000e+000   1.00000000e+000   4.87596792e-124 ...,
    1.00000000e+000   1.00000000e+000   1.00000000e+000]
 ..., 
 [  1.00000000e+000   1.00000000e+000   1.82205540e-199 ...,
    1.00000000e+000   1.00000000e+000   1.00000000e+000]
 [  1.00000000e+000   1.00000000e+000   1.18010142e-120 ...,
    1.00000000e+000   1.00000000e+000   1.00000000e+000]
 [  1.00000000e+000   1.00000000e+000   0.00000000e+000 ...,
    1.00000000e+000   1.00000000e+000   1.00000000e+000]]
t= [3 8 6 ..., 5 6 8]
Error = 89.31 %
Epoch 7 : 